[0m                                                            [0m
                                                            [0m
                                                            [0m
                                                            [0m
                                                            [0m
                          [38;2;144;145;147m▄[38;2;124;127;131m▅[38;2;131;127;126m▄[38;2;117;114;111m▆[38;2;93;109;122;48;2;81;78;76m⠒[38;2;96;138;172;48;2;58;60;62m⠒[0m[38;2;46;54;61m▆[38;2;52;66;78m▄[0m                          [0m
                        [38;2;88;108;127m▗[38;2;74;77;82;48;2;151;153;157m⠅[38;2;212;210;209;48;2;183;173;168m▂[38;2;209;201;198;48;2;181;169;162m▂[38;2;193;179;176;48;2;160;145;141m⠶[38;2;111;100;91;48;2;135;120;115m▐[38;2;102;89;79;48;2;85;72;63m▍[38;2;69;55;47;48;2;74;60;51m▐[38;2;63;50;42;48;2;47;43;42m▄[38;2;45;44;44;48;2;39;32;29m▅[38;2;31;25;23;48;2;47;53;60m⠦[0m[38;2;51;68;82m▆[0m                        [0m
                 [38;2;43;47;51m▂[38;2;57;61;65m▃[38;2;62;70;77m▃[38;2;67;84;98m▂[0m  [38;2;80;106;129m▗[38;2;88;90;95;48;2;104;110;117m▞[38;2;139;129;125;48;2;195;186;184m▂[38;2;130;119;102;48;2;173;164;161m▁[38;2;132;120;111;48;2;201;192;188m▅[38;2;87;74;75;48;2;166;149;148m▂[38;2;136;117;118;48;2;90;76;69m▎[38;2;84;71;61;48;2;76;62;53m▘[38;2;73;59;51;48;2;68;54;47m▍[38;2;78;65;57;48;2;59;46;38m▂[38;2;65;54;46;48;2;52;41;34m▂[38;2;59;53;51;48;2;44;39;36m▃[38;2;50;51;55;48;2;59;72;84m▅[38;2;134;175;198;48;2;70;93;112m▗[38;2;137;187;198;48;2;98;147;147m▞[0m[7m[38;2;123;172;182m▝[0m[38;2;111;161;165m▃[38;2;108;161;167m▂[38;2;116;151;160m▃                  [0m
                [7m[38;2;68;60;54m▘[0m[38;2;75;64;55;48;2;64;51;42m▍[38;2;58;46;39;48;2;53;44;37m▄[38;2;55;44;37;48;2;47;38;32m▖[38;2;40;31;28;48;2;63;62;61m▆[38;2;39;30;26;48;2;69;79;87m▃[0m[38;2;77;76;71m▅[38;2;154;111;70;48;2;215;160;18m▍[38;2;238;211;49;48;2;248;245;150m▋[38;2;252;249;117;48;2;252;252;219m▗[38;2;183;171;100;48;2;239;218;53m▁[38;2;135;115;87;48;2;213;161;17m▃[38;2;67;56;49;48;2;159;120;56m▃[38;2;54;41;34;48;2;113;94;76m▄[38;2;63;45;37;48;2;110;95;87m▆[38;2;105;52;52;48;2;81;61;48m▃[38;2;213;88;90;48;2;84;56;38m▂[38;2;228;82;68;48;2;95;55;34m▂[38;2;69;43;30;48;2;102;55;34m▗[38;2;79;55;40;48;2;112;117;121m▊[38;2;95;117;129;48;2;130;185;184m▔[38;2;75;75;64;48;2;126;205;196m▅[38;2;62;73;64;48;2;127;204;180m▄[38;2;83;132;114;48;2;131;214;186m▂[38;2;110;192;170;48;2;89;158;138m⠔[38;2;64;101;91;48;2;101;157;146m▅[38;2;157;159;167;48;2;87;89;116m⠒[0m[38;2;103;125;178m▅[0m                [0m
                [38;2;57;48;41;48;2;85;76;71m▐[38;2;55;46;37;48;2;73;61;50m▃[38;2;47;37;31;48;2;60;48;40m▗[38;2;44;34;29;48;2;51;41;36m▞[38;2;74;67;63;48;2;43;35;32m▄[38;2;128;118;113;48;2;65;64;66m▄[38;2;147;134;131;48;2;90;84;81m▅[38;2;140;129;125;48;2;155;91;16m▅[38;2;111;101;89;48;2;241;203;23m▆[38;2;35;30;29;48;2;178;169;135m▄[38;2;32;24;24;48;2;136;125;119m▆[38;2;166;43;28;48;2;39;24;24m▗[38;2;207;59;31;48;2;47;28;28m▅[38;2;192;54;31;48;2;83;41;44m▆[38;2;78;9;3;48;2;204;66;47m▃[38;2;68;10;7;48;2;208;56;30m▄[38;2;76;13;10;48;2;195;43;5m▅[38;2;87;16;13;48;2;191;39;0m▆[38;2;129;33;30;48;2;94;17;9m▂[38;2;123;129;139;48;2;98;38;36m▝[38;2;109;204;177;48;2;106;172;158m⢰[38;2;90;110;94;48;2;201;200;194m▅[38;2;67;56;45;48;2;100;95;107m⠮[38;2;87;104;162;48;2;110;107;69m▅[38;2;114;84;52;48;2;110;122;182m▔[38;2;108;122;188;48;2;123;139;202m▅[38;2;97;111;178;48;2;112;125;188m▃[38;2;80;95;161;48;2;100;117;184m▄[0m[38;2;84;105;153m▎               [0m
                [38;2;103;92;86m▝[38;2;112;102;97;48;2;50;42;36m▅[38;2;174;161;155;48;2;73;62;57m▂[38;2;152;140;135;48;2;77;68;64m▅[38;2;38;29;27;48;2;152;140;135m▁[38;2;64;46;44;48;2;163;150;145m▃[38;2;81;57;46m▅[38;2;128;70;45;48;2;64;47;45m▃[38;2;119;68;51;48;2;42;20;22m▄[38;2;113;66;58;48;2;43;12;19m▄[38;2;108;59;70;48;2;43;6;17m▃[38;2;93;33;42;48;2;62;7;10m▃[38;2;83;11;5;48;2;123;25;19m▝[38;2;92;20;22;48;2;55;6;5m▆[38;2;69;17;24;48;2;98;24;25m▂[38;2;136;33;32;48;2;105;33;37m⠒[38;2;100;80;93;48;2;114;32;34m▂[38;2;77;48;61;48;2;124;34;35m▄[38;2;74;41;53;48;2;130;36;35m▅[38;2;78;26;34;48;2;138;35;33m▄[38;2;105;172;159;48;2;92;97;128m▅[38;2;106;191;165;48;2;44;70;89m▅[38;2;117;209;176;48;2;37;73;63m▃[38;2;76;161;125;48;2;39;57;74m▂[38;2;38;59;68;48;2;66;80;137m▄[38;2;43;55;94;48;2;82;97;159m▅[38;2;45;57;98;48;2;65;80;139m▄[38;2;46;60;101;48;2;64;79;141m▄[0m                [0m
                  [38;2;82;71;67m▔[7m[38;2;81;41;41m▊[0m[38;2;206;170;131;48;2;147;55;47m▄[38;2;238;209;86;48;2;170;120;81m▅[38;2;248;227;72;48;2;196;141;52m▆[38;2;249;223;57;48;2;198;146;37m▆[38;2;247;212;44;48;2;203;150;37m▆[38;2;235;181;33;48;2;191;130;40m▆[38;2;205;135;38;48;2;153;94;62m▆[38;2;174;109;63;48;2;135;78;83m▖[38;2;107;48;64;48;2;82;18;24m▍[38;2;80;58;68;48;2;49;15;27m▃[38;2;188;171;157;48;2;90;65;76m▅[38;2;215;205;185;48;2;161;143;138m▅[38;2;52;37;52;48;2;197;183;167m▁[38;2;157;138;130;48;2;106;86;95m▆[38;2;132;112;114;48;2;90;71;83m▄[38;2;106;83;90;48;2;154;135;132m▞[38;2;64;78;69;48;2;94;168;154m▘[38;2;109;221;179;48;2;57;126;95m▊[38;2;109;211;186;48;2;42;111;87m▐[38;2;79;189;173;48;2;144;232;197m▂[38;2;82;178;151;48;2;60;132;102m▆[38;2;44;124;90;48;2;20;55;48m▅[38;2;80;159;175;48;2;42;91;89m▗[0m[38;2;54;86;93m▎                [0m
                   [7m[38;2;188;164;122m▘[0m[38;2;255;248;134;48;2;247;221;92m▗[38;2;255;254;219;48;2;255;246;124m▅[38;2;255;247;179;48;2;255;253;230m▗[38;2;252;222;62;48;2;254;241;118m▃[38;2;251;215;48;48;2;241;184;32m▘[38;2;236;175;31;48;2;221;147;24m▘[38;2;211;136;26;48;2;192;111;23m▘[38;2;165;90;23;48;2;124;65;35m▍[38;2;91;48;60;48;2;130;109;108m▊[38;2;123;103;102;48;2;85;63;69m▎[38;2;38;26;38;48;2;171;141;108m⠂[38;2;189;161;123;48;2;101;108;53m▖[38;2;64;62;52;48;2;156;158;43m▝[38;2;65;68;17;48;2;113;135;1m▁[38;2;77;74;29;48;2;159;128;91m▎[38;2;180;167;159;48;2;112;87;72m▐[38;2;107;61;61;48;2;150;183;175m▗[38;2;78;35;32;48;2;61;145;122m▅[38;2;73;50;31;48;2;14;99;95m▅[38;2;81;54;33;48;2;19;118;115m▅[38;2;74;36;25;48;2;17;86;65m▄[38;2;99;62;66;48;2;18;62;38m▃[0m[7m[38;2;46;90;91m▃[0m[38;2;88;133;137m▘                [0m
                 [7m[38;2;199;192;180m▘[0m[38;2;211;168;156;48;2;130;81;96m▃[38;2;246;213;81;48;2;202;169;119m▐[38;2;254;239;96;48;2;255;250;152m▍[38;2;254;230;110;48;2;255;250;204m▄[38;2;254;236;133;48;2;248;200;44m▘[38;2;234;161;22;48;2;246;191;35m▄[38;2;212;126;16;48;2;230;155;21m▄[38;2;176;86;20;48;2;199;114;19m▗[38;2;114;54;21;48;2;165;84;20m▗[38;2;119;61;28;48;2;92;41;46m▊[38;2;102;57;78;48;2;138;116;116m▊[38;2;164;147;137;48;2;132;114;111m▃[38;2;195;183;168;48;2;138;118;107m▂[38;2;197;186;172;48;2;153;135;117m▂[38;2;48;37;27;48;2;155;138;128m▔[38;2;204;188;174;48;2;106;90;86m▅[38;2;226;214;201;48;2;109;92;89m▆[38;2;238;229;218;48;2;211;198;181m▅[38;2;134;41;42;48;2;212;193;180m▝[38;2;233;116;106;48;2;152;36;34m▄[38;2;232;156;147;48;2;156;46;48m▁[38;2;223;194;187;48;2;116;80;82m▅[38;2;233;104;131;48;2;180;33;55m▄[38;2;145;66;85;48;2;212;31;61m▐[0m[38;2;110;96;126m▎                 [0m
                 [38;2;200;185;173m▐[38;2;235;224;207;48;2;196;167;148m▊[38;2;250;213;72;48;2;201;151;88m▐[38;2;255;241;130;48;2;254;232;91m▝[38;2;252;211;68;48;2;237;170;27m▘[38;2;240;174;27;48;2;233;157;19m▘[38;2;229;148;17;48;2;219;132;13m▘[38;2;180;93;19;48;2;202;114;14m▐[38;2;165;78;20;48;2;135;63;19m▋[38;2;152;77;23;48;2;107;51;23m▗[38;2;201;119;24;48;2;140;79;42m▂[38;2;181;118;54;48;2;120;70;84m▄[38;2;224;156;44;48;2;122;84;89m▂[38;2;242;183;30;48;2;159;131;115m▃[38;2;248;213;65;48;2;155;123;103m▅[38;2;220;157;22;48;2;142;97;74m▆[38;2;220;139;18;48;2;153;101;71m▖[38;2;116;91;93;48;2;192;178;171m▖[38;2;214;202;189;48;2;243;237;230m▄[38;2;217;205;192;48;2;240;231;221m▃[38;2;215;201;185;48;2;231;219;206m▅[38;2;212;196;181;48;2;242;224;212m▆[38;2;189;168;158;48;2;233;220;205m▃[38;2;199;161;172;48;2;247;50;85m▍[38;2;230;33;69;48;2;143;64;82m▋[0m[38;2;141;117;150m▍                 [0m
                 [7m[38;2;146;90;127m▊[0m[38;2;202;74;88;48;2;215;182;167m▅[38;2;186;137;104;48;2;227;172;60m▋[38;2;249;199;55;48;2;253;214;68m▄[38;2;206;121;10;48;2;222;142;14m▄[38;2;216;128;8;48;2;225;140;14m▖[38;2;234;161;24;48;2;218;134;15m▃[38;2;234;165;27;48;2;195;110;15m▄[38;2;196;121;22;48;2;163;81;19m▅[38;2;156;71;20;48;2;206;129;20m⣋[38;2;178;108;7;48;2;239;167;26m▃[38;2;178;109;12;48;2;253;197;39m▄[38;2;139;74;17;48;2;252;203;37m▄[38;2;106;48;17;48;2;238;196;46m▄[38;2;82;32;22;48;2;194;129;25m▄[38;2;80;30;26;48;2;187;133;22m▅[38;2;63;27;34;48;2;110;59;27m▞[38;2;130;106;79;48;2;168;150;143m▋[38;2;203;191;182;48;2;188;173;163m▝[38;2;162;138;131;48;2;207;194;183m▗[38;2;175;147;138;48;2;200;186;174m▂[38;2;130;82;81;48;2;208;189;175m▂[38;2;154;94;97;48;2;127;40;50m▍[38;2;181;63;94;48;2;180;126;174m▞[38;2;209;33;61;48;2;148;101;128m▋[0m[38;2;92;80;104m▎                 [0m
                  [38;2;120;76;98;48;2;182;37;55m▍[38;2;166;123;164;48;2;152;75;67m▍[38;2;248;195;55;48;2;196;133;58m▝[38;2;227;160;33;48;2;185;102;9m▍[38;2;199;111;6;48;2;221;141;20m▋[38;2;219;154;10;48;2;239;174;30m▅[38;2;244;190;0;48;2;216;152;9m▂[38;2;207;139;2;48;2;235;198;7m▅[38;2;153;86;14;48;2;228;173;0m▆[38;2;91;44;34;48;2;125;65;21m▐[38;2;153;129;124;48;2;85;52;60m▗[38;2;128;101;101;48;2;71;26;33m▖[38;2;163;95;26;48;2;72;17;26m▄[38;2;207;152;30;48;2;107;26;31m▂[38;2;225;180;25;48;2;153;43;41m▂[38;2;230;193;61;48;2;148;71;34m▅[38;2;242;229;121;48;2;149;81;43m▖[38;2;186;55;57;48;2;146;109;102m▆[38;2;165;42;44;48;2;145;103;97m▆[38;2;207;43;47;48;2;136;54;58m▄[38;2;194;39;45;48;2;159;35;41m▗[38;2;141;38;48;48;2;166;33;42m▐[38;2;135;78;104;48;2;181;119;164m▍[0m[38;2;169;55;75m▋                  [0m
                  [38;2;121;43;54m▝[38;2;158;120;155;48;2;172;44;65m▝[38;2;168;111;141;48;2;191;65;63m▖[38;2;188;54;39;48;2;205;133;39m▄[38;2;191;84;22;48;2;165;55;31m▋[38;2;128;60;52;48;2;189;109;0m▆[38;2;194;174;159;48;2;158;97;24m▃[38;2;113;75;66;48;2;180;109;6m▅[38;2;120;88;78;48;2;109;55;33m▅[38;2;161;135;121;48;2;91;62;69m▅[38;2;150;124;122;48;2;187;164;147m▘[38;2;164;142;133;48;2;101;34;42m▘[38;2;174;41;44;48;2;111;32;32m▗[38;2;149;68;29;48;2;189;136;24m▄[38;2;215;164;26;48;2;243;204;30m▍[38;2;254;248;208;48;2;251;229;54m▝[38;2;231;194;28;48;2;245;236;156m▄[38;2;127;60;25;48;2;232;188;61m▂[38;2;114;36;22;48;2;218;129;58m▄[38;2;128;28;30;48;2;214;62;46m▃[38;2;172;37;42;48;2;106;42;50m▘[38;2;144;100;135;48;2;122;44;58m▄[38;2;161;114;154;48;2;204;48;73m▘[0m[38;2;121;76;96m▍                  [0m
                   [38;2;183;3;14m▝[38;2;165;22;34;48;2;122;64;77m▋[38;2;100;75;61;48;2;119;73;57m▅[38;2;135;103;75;48;2;120;58;55m▆[38;2;144;106;65;48;2;127;88;68m▃[38;2;158;130;114;48;2;176;134;51m▔[38;2;153;108;50;48;2;92;59;29m▍[38;2;115;85;46;48;2;74;46;24m▂[38;2;137;100;67;48;2;98;68;38m▗[38;2;133;94;59;48;2;118;87;43m▄[38;2;118;82;52;48;2;148;48;42m▆[38;2;124;91;46;48;2;129;30;36m▆[38;2;211;178;33;48;2;143;92;29m▞[38;2;60;42;28;48;2;156;103;27m▃[38;2;95;59;25;48;2;210;149;27m▅[38;2;136;96;22;48;2;200;155;25m▕[38;2;62;44;27;48;2;109;33;33m▅[38;2;61;41;28;48;2;109;29;32m▆[38;2;46;34;30;48;2;69;34;31m▅[38;2;115;60;81;48;2;70;42;48m▅[38;2;206;27;47;48;2;143;26;43m▐[38;2;102;64;82;48;2;175;29;45m▐[0m                   [0m
                    [38;2;124;110;146;48;2;133;22;34m▅[38;2;111;72;86;48;2;97;44;33m▍[38;2;100;38;32;48;2;132;95;63m▅[38;2;76;47;31;48;2;143;105;67m▄[38;2;117;75;37;48;2;185;142;56m▃[38;2;208;178;98;48;2;110;72;34m▔[38;2;177;135;69;48;2;100;69;34m▔[38;2;103;73;39;48;2;130;93;61m▄[38;2;95;65;39;48;2;116;84;47m⠤[38;2;103;72;46;48;2;49;32;20m▆[38;2;58;40;34;48;2;91;62;37m▃[38;2;51;26;26;48;2;75;53;36m▂[38;2;49;28;25;48;2;75;54;37m▃[38;2;56;31;27;48;2;67;48;33m▄[38;2;187;145;38;48;2;65;40;25m▝[38;2;135;105;36;48;2;60;34;25m▘[38;2;62;43;27;48;2;50;29;22m▘[38;2;48;27;23;48;2;74;50;61m▊[38;2;147;121;159;48;2;126;52;71m▃[38;2;133;96;131;48;2;114;24;34m▖[0m[38;2;65;46;59m▘                   [0m
                    [38;2;107;106;141m▝[7m[38;2;89;39;44m▃[38;2;147;37;31m▄[0m[38;2;59;42;22;48;2;186;141;73m▃[38;2;163;122;60;48;2;93;66;38m▘[38;2;37;23;14;48;2;114;77;36m▂[38;2;143;76;28;48;2;66;39;26m▔[38;2;39;12;10;48;2;99;32;32m▂[38;2;42;13;13;48;2;116;36;35m▂[38;2;135;64;40;48;2;85;36;26m⠶[38;2;60;47;34;48;2;172;129;61m▃[38;2;130;94;44;48;2;90;59;31m⠦[38;2;62;46;29;48;2;179;137;63m▂[38;2;42;20;12;48;2;104;56;32m▗[38;2;52;15;16;48;2;133;35;32m▃[38;2;43;14;14;48;2;113;30;28m▄[38;2;32;11;12;48;2;89;24;28m▃[0m[7m[38;2;99;25;31m▃[38;2;94;67;88m▄[0m[38;2;82;76;99m▘                    [0m
                           [38;2;17;5;5m⠈[0m    [38;2;19;11;6m⠈[0m                           [0m
                                                            [0m
                                                            [0m
                                                            [0m
                                                            [0m
                                                            [0m
                                                            [0m
                                                            [0m
                                                            [0m
